75
1000
0 67 85 11 80 66 78 13 3 70 5 25 67 49 53 85 23 53 36 62 95 59 37 87 82 24 7 96 19 15 12 12 74 60 37 92 62 51 59 67 8 53 8 72 55 40 42 74 5 33 32 98 70 71 14 66 59 69 82 80 72 20 83 93 97 27 70 99 30 68 74 64 84 91 19 
67 0 55 13 70 52 74 79 14 49 48 78 67 19 29 55 20 16 27 12 83 25 68 59 90 27 96 80 52 4 43 35 33 47 60 29 63 20 47 9 87 99 62 78 39 30 41 55 98 66 61 78 39 22 78 48 43 79 19 37 58 14 13 7 96 32 78 46 35 82 89 2 67 51 23 
85 55 0 38 14 98 24 80 75 16 9 79 36 55 5 19 97 61 81 95 80 8 47 41 6 75 54 25 23 6 17 59 60 70 31 50 94 77 49 85 16 53 49 56 83 60 46 87 58 59 12 18 45 76 78 4 15 94 42 52 53 11 92 3 94 93 71 22 54 7 11 45 21 88 99 
11 13 38 0 14 10 32 30 52 93 23 62 38 94 69 55 53 98 25 42 11 1 87 8 23 33 6 55 8 25 30 95 70 68 96 48 86 3 10 34 66 7 75 24 83 78 76 4 61 52 53 25 46 92 32 79 21 81 14 70 19 33 28 61 51 22 68 89 5 10 8 31 89 73 96 
80 70 14 14 0 72 14 89 78 9 90 20 21 58 28 40 39 74 77 12 91 92 52 32 95 76 25 19 2 5 94 76 67 46 33 40 87 12 19 54 76 12 32 39 57 85 34 54 29 74 32 13 74 1 90 19 62 21 46 41 45 57 80 71 94 29 24 11 11 10 95 64 5 43 14 
66 52 98 10 72 0 7 38 67 62 21 30 56 81 59 45 53 57 54 10 20 43 30 78 37 44 39 64 61 72 34 66 59 37 88 54 78 32 23 83 91 34 43 30 9 45 74 51 34 1 33 25 26 60 95 16 53 59 21 6 52 3 23 24 38 78 86 86 93 93 95 98 89 57 8 
78 74 24 32 14 7 0 53 18 12 57 64 81 69 13 96 48 90 96 84 11 75 51 54 76 29 84 57 4 80 74 80 60 74 7 95 37 71 99 29 71 5 13 63 72 32 42 28 3 30 87 63 19 48 60 3 86 81 33 49 36 75 21 1 22 69 64 66 86 92 37 46 28 96 45 
13 79 80 30 89 38 53 0 73 40 56 86 91 57 79 60 35 11 86 51 89 2 3 16 26 70 10 16 26 89 21 69 94 5 54 85 73 39 76 94 62 77 79 6 64 16 14 30 41 54 68 77 53 89 3 1 6 32 14 95 98 27 39 33 74 1 45 9 47 85 57 8 32 12 60 
3 14 75 52 78 67 18 73 0 90 69 80 27 77 39 13 87 12 88 49 60 51 18 93 60 72 38 56 53 13 50 24 42 10 8 74 90 44 52 38 90 73 47 65 2 13 28 19 29 28 9 4 67 90 52 75 5 67 76 99 34 57 51 22 38 31 99 88 90 15 1 94 59 88 58 
70 49 16 93 9 62 12 40 90 0 69 23 24 99 83 93 51 28 7 7 54 50 52 6 20 29 29 82 4 70 98 3 38 53 45 63 53 54 7 86 53 85 83 36 90 44 91 16 40 45 82 60 17 44 49 25 73 56 49 65 7 86 29 62 48 70 45 89 62 8 25 3 89 15 85 
5 48 9 23 90 21 57 56 69 69 0 19 38 17 93 53 97 53 8 56 29 5 79 54 87 45 42 43 61 58 41 19 30 48 96 25 83 6 85 61 22 6 87 57 28 97 53 71 69 61 44 52 33 1 26 48 12 92 11 76 46 92 51 75 50 48 68 23 2 67 7 83 26 22 96 
25 78 79 62 20 30 64 86 80 23 19 0 40 96 15 83 52 40 85 19 82 51 26 27 20 76 31 43 56 20 79 20 85 89 57 92 89 98 36 23 72 54 79 80 37 15 26 31 85 97 34 74 7 41 83 14 97 52 89 74 54 70 64 19 53 44 37 14 74 52 1 64 85 10 42 
67 67 36 38 21 56 81 91 27 24 38 40 0 65 15 51 19 75 35 18 40 54 87 31 19 78 32 1 45 92 9 88 2 57 2 61 23 65 97 36 76 17 94 93 5 80 38 83 63 19 37 54 85 92 52 2 68 73 80 81 94 58 34 4 42 97 78 63 47 75 12 20 88 58 46 
49 19 55 94 58 81 69 57 77 99 17 96 65 0 44 19 70 91 66 35 75 45 97 15 59 38 81 80 83 55 99 9 68 38 10 34 52 47 75 30 9 63 62 83 71 27 90 24 53 55 60 61 12 46 96 8 11 29 14 57 41 76 12 46 29 97 88 58 74 48 35 58 80 39 93 
53 29 5 69 28 59 13 79 39 83 93 15 15 44 0 80 7 62 14 39 93 71 44 69 84 33 13 68 9 15 41 31 29 11 75 58 39 40 60 97 78 54 37 59 50 16 84 31 28 80 10 91 16 66 11 24 12 69 75 12 99 1 41 6 9 7 10 86 84 63 94 29 56 6 7 
85 55 19 55 40 45 96 60 13 93 53 83 51 19 80 0 27 99 94 15 74 63 78 16 47 28 75 15 33 45 94 63 95 51 45 24 1 66 1 21 87 41 3 5 63 39 32 23 62 93 14 85 39 3 58 8 40 65 82 59 93 12 49 15 58 63 46 70 75 30 81 4 59 59 4 
23 20 97 53 39 53 48 35 87 51 97 52 19 70 7 27 0 29 29 63 51 17 15 1 34 71 56 4 3 95 99 97 45 24 79 12 83 69 35 59 21 71 64 43 14 75 33 99 26 72 35 53 11 84 76 14 51 86 29 73 71 43 4 63 76 60 74 28 56 21 28 33 83 77 99 
53 16 61 98 74 57 90 11 12 28 53 40 75 91 62 99 29 0 82 66 94 25 34 94 58 93 50 17 11 7 54 97 59 82 81 40 35 7 63 51 23 63 83 13 68 35 70 90 68 77 46 54 85 16 23 76 47 70 74 22 77 62 23 9 48 57 64 71 96 5 17 1 5 69 90 
36 27 81 25 77 54 96 86 88 7 8 85 35 66 14 94 29 82 0 53 85 23 91 60 25 32 42 73 28 11 61 29 98 46 32 67 55 10 43 47 87 76 41 5 44 47 48 15 59 16 6 17 96 48 49 91 20 64 36 20 80 85 19 19 62 91 38 92 62 53 48 39 73 56 16 
62 12 95 42 12 10 84 51 49 7 56 19 18 35 39 15 63 66 53 0 92 16 29 5 57 71 80 93 50 79 51 63 79 42 35 67 5 1 65 21 34 7 52 8 22 55 8 29 58 93 49 49 96 96 69 65 44 38 44 82 5 33 90 27 92 28 25 1 95 5 13 86 27 42 91 
95 83 80 11 91 20 11 89 60 54 29 82 40 75 93 74 51 94 85 92 0 5 17 91 98 90 38 27 42 10 49 94 37 95 29 82 26 8 65 9 98 42 70 98 55 52 19 78 3 69 9 48 99 81 91 69 97 53 72 86 73 24 18 43 9 87 23 50 96 98 71 14 64 9 77 
59 25 8 1 92 43 75 2 51 50 5 51 54 45 71 63 17 25 23 16 5 0 37 33 83 38 80 23 97 84 86 37 6 79 99 47 72 55 76 80 53 3 63 87 47 98 40 75 51 42 59 70 17 73 59 72 15 35 86 47 81 59 19 54 3 44 93 47 95 19 59 92 25 74 49 
37 68 47 87 52 30 51 3 18 52 79 26 87 97 44 78 15 34 91 29 17 37 0 33 6 3 21 64 74 84 8 43 44 1 4 48 69 44 96 13 55 18 16 30 73 6 2 78 2 47 28 31 77 37 4 85 70 76 69 96 82 19 56 92 37 56 12 31 40 25 29 72 14 44 95 
87 59 41 8 32 78 54 16 93 6 54 27 31 15 69 16 1 94 60 5 91 33 33 0 72 28 3 52 14 31 67 3 19 60 95 59 57 7 82 45 83 55 17 64 96 44 98 19 85 3 57 8 78 36 69 34 26 47 65 47 75 35 1 40 89 4 8 6 23 38 17 47 78 70 43 
82 90 6 23 95 37 76 26 60 20 87 20 19 59 84 47 34 58 25 57 98 83 6 72 0 51 36 7 83 20 95 67 29 28 7 41 38 86 96 61 50 2 63 48 5 7 61 50 43 50 95 39 71 16 65 43 47 14 22 31 82 53 46 50 78 72 44 82 55 60 79 4 98 43 95 
24 27 75 33 76 44 29 70 72 29 45 76 78 38 33 28 71 93 32 71 90 38 3 28 51 0 6 2 28 86 48 45 75 97 58 23 91 54 26 29 2 45 45 32 53 44 84 86 80 35 92 26 14 45 70 67 85 90 78 72 60 33 76 54 95 54 25 31 37 9 73 29 53 63 66 
7 96 54 6 25 39 84 10 38 29 42 31 32 81 13 75 56 50 42 80 38 80 21 3 36 6 0 28 52 80 52 14 89 61 14 12 8 12 99 46 25 76 31 68 28 61 39 22 99 43 67 68 13 46 19 65 13 51 64 43 30 94 30 20 50 9 84 23 65 82 4 34 20 98 49 
96 80 25 55 19 64 57 16 56 82 43 43 1 80 68 15 4 17 73 93 27 23 64 52 7 2 28 0 74 88 29 53 28 21 60 13 89 70 8 60 10 61 6 32 61 10 25 13 2 93 80 7 4 61 36 14 30 18 54 19 97 87 10 74 13 79 97 65 96 74 34 36 75 12 85 
19 52 23 8 2 61 4 26 53 4 61 56 45 83 9 33 3 11 28 50 42 97 74 14 83 28 52 74 0 87 78 59 90 74 6 69 7 68 94 86 40 36 94 62 82 63 79 55 17 23 37 81 90 91 7 57 74 80 70 25 52 73 12 46 71 1 81 77 78 33 37 96 44 52 98 
15 4 6 25 5 72 80 89 13 70 58 20 92 55 15 45 95 7 11 79 10 84 84 31 20 86 80 88 87 0 45 65 85 63 23 96 20 98 38 59 49 47 66 95 79 94 65 51 22 46 73 38 72 22 83 90 31 70 24 31 86 33 92 18 44 79 48 86 42 95 21 17 45 71 36 
12 43 17 30 94 34 74 21 50 98 41 79 9 99 41 94 99 54 61 51 49 86 8 67 95 48 52 29 78 45 0 32 22 25 48 6 75 13 62 81 79 31 2 45 16 22 94 14 47 64 66 82 31 54 61 43 40 35 73 68 22 42 14 51 66 79 55 75 32 63 18 81 7 6 16 
12 35 59 95 76 66 80 69 24 3 19 20 88 9 31 63 97 97 29 63 94 37 43 3 67 45 14 53 59 65 32 0 27 66 96 82 10 66 37 85 71 36 96 28 97 94 7 39 56 63 19 15 36 95 94 5 11 24 15 64 81 38 11 30 26 28 92 27 39 52 46 99 73 79 24 
74 33 60 70 67 59 60 94 42 38 30 85 2 68 29 95 45 59 98 79 37 6 44 19 29 75 89 28 90 85 22 27 0 42 80 82 59 40 57 3 35 87 23 22 14 98 75 66 55 98 71 97 49 51 70 92 94 43 89 37 78 99 77 16 29 5 99 27 27 43 54 50 69 14 35 
60 47 70 68 46 37 74 5 10 53 48 89 57 38 11 51 24 82 46 42 95 79 1 60 28 97 61 21 74 63 25 66 42 0 90 34 75 64 41 6 32 69 85 18 89 68 93 54 29 41 61 12 64 45 71 95 75 8 26 99 96 15 81 73 34 78 8 24 30 55 74 30 44 38 45 
37 60 31 96 33 88 7 54 8 45 96 57 2 10 75 45 79 81 32 35 29 99 4 95 7 58 14 60 6 23 48 96 80 90 0 53 33 7 60 78 56 43 5 43 56 34 59 40 27 64 8 2 7 99 77 82 47 74 6 87 41 56 82 74 7 34 4 78 4 19 90 18 74 4 73 
92 29 50 48 40 54 95 85 74 63 25 92 61 34 58 24 12 40 67 67 82 47 48 59 41 23 12 13 69 96 6 82 82 34 53 0 89 19 94 14 18 30 7 84 49 40 60 38 38 80 70 92 29 24 40 76 93 9 19 1 99 10 18 61 2 9 8 68 26 65 6 59 57 40 24 
62 63 94 86 87 78 37 73 90 53 83 89 23 52 39 1 83 35 55 5 26 72 69 57 38 91 8 89 7 20 75 10 59 75 33 89 0 96 61 57 30 43 61 48 86 44 62 35 27 85 32 23 79 64 50 82 43 52 65 4 93 24 77 37 36 38 55 10 77 47 1 2 48 82 22 
51 20 77 3 12 32 71 39 44 54 6 98 65 47 40 66 69 7 10 1 8 55 44 7 86 54 12 70 68 98 13 66 40 64 7 19 96 0 94 60 19 93 70 28 12 16 34 86 65 66 82 39 88 13 92 35 88 21 95 32 30 99 65 72 22 60 89 59 68 79 67 14 16 36 95 
59 47 49 10 19 23 99 76 52 7 85 36 97 75 60 1 35 63 43 65 65 76 96 82 96 26 99 8 94 38 62 37 57 41 60 94 61 94 0 53 4 67 21 74 44 64 60 52 22 1 53 71 41 57 89 62 51 97 85 98 65 65 6 68 2 48 64 81 7 35 1 11 25 52 27 
67 9 85 34 54 83 29 94 38 86 61 23 36 30 97 21 59 51 47 21 9 80 13 45 61 29 46 60 86 59 81 85 3 6 78 14 57 60 53 0 70 71 9 30 53 32 84 55 56 53 88 4 72 76 27 97 76 41 92 51 40 46 13 97 86 30 65 68 89 82 17 30 77 14 81 
8 87 16 66 76 91 71 62 90 53 22 72 76 9 78 87 21 23 87 34 98 53 55 83 50 2 25 10 40 49 79 71 35 32 56 18 30 19 4 70 0 61 88 8 73 50 82 81 83 26 73 29 20 9 75 52 99 22 72 40 17 30 82 82 90 10 76 84 97 40 10 3 41 54 39 
53 99 53 7 12 34 5 77 73 85 6 54 17 63 54 41 71 63 76 7 42 3 18 55 2 45 76 61 36 47 31 36 87 69 43 30 43 93 67 71 61 0 9 4 71 9 57 13 49 24 88 76 65 64 83 68 87 82 19 11 40 2 3 11 69 96 83 64 79 39 88 68 94 13 67 
8 62 49 75 32 43 13 79 47 83 87 79 94 62 37 3 64 83 41 52 70 63 16 17 63 45 31 6 94 66 2 96 23 85 5 7 61 70 21 9 88 9 0 94 53 67 58 74 94 16 69 17 27 71 84 60 65 39 8 32 24 3 53 92 36 90 86 90 89 82 28 56 49 27 8 
72 78 56 24 39 30 63 6 65 36 57 80 93 83 59 5 43 13 5 8 98 87 30 64 48 32 68 32 62 95 45 28 22 18 43 84 48 28 74 30 8 4 94 0 66 14 33 42 93 6 56 63 69 74 75 77 56 54 67 87 47 37 71 25 76 51 63 66 94 66 94 26 46 42 23 
55 39 83 83 57 9 72 64 2 90 28 37 5 71 50 63 14 68 44 22 55 47 73 96 5 53 28 61 82 79 16 97 14 89 56 49 86 12 44 53 73 71 53 66 0 40 36 39 98 34 30 5 6 94 49 7 42 22 80 14 67 80 85 62 99 25 26 29 22 40 34 42 53 28 12 
40 30 60 78 85 45 32 16 13 44 97 15 80 27 16 39 75 35 47 55 52 98 6 44 7 44 61 10 63 94 22 94 98 68 34 40 44 16 64 32 50 9 67 14 40 0 43 29 93 60 32 29 72 66 2 72 78 10 88 90 37 71 69 65 99 46 2 3 86 18 43 37 78 22 44 
42 41 46 76 34 74 42 14 28 91 53 26 38 90 84 32 33 70 48 8 19 40 2 98 61 84 39 25 79 65 94 7 75 93 59 60 62 34 60 84 82 57 58 33 36 43 0 37 97 53 16 11 26 54 64 60 81 44 82 23 35 51 31 67 53 94 27 29 68 38 60 94 4 63 54 
74 55 87 4 54 51 28 30 19 16 71 31 83 24 31 23 99 90 15 29 78 75 78 19 50 86 22 13 55 51 14 39 66 54 40 38 35 86 52 55 81 13 74 42 39 29 37 0 3 85 55 21 75 99 68 55 28 84 43 14 15 7 31 63 63 6 87 64 51 80 15 85 57 31 71 
5 98 58 61 29 34 3 41 29 40 69 85 63 53 28 62 26 68 59 58 3 51 2 85 43 80 99 2 17 22 47 56 55 29 27 38 27 65 22 56 83 49 94 93 98 93 97 3 0 62 61 49 72 85 86 94 37 5 11 32 91 72 69 94 48 89 70 38 66 39 58 13 35 71 20 
33 66 59 52 74 1 30 54 28 45 61 97 19 55 80 93 72 77 16 93 69 42 47 3 50 35 43 93 23 46 64 63 98 41 64 80 85 66 1 53 26 24 16 6 34 60 53 85 62 0 5 26 29 29 44 28 44 28 34 10 24 72 19 62 3 19 58 76 78 53 20 55 85 9 69 
32 61 12 53 32 33 87 68 9 82 44 34 37 60 10 14 35 46 6 49 9 59 28 57 95 92 67 80 37 73 66 19 71 61 8 70 32 82 53 88 73 88 69 56 30 32 16 55 61 5 0 91 5 40 7 90 31 13 62 72 64 64 74 60 62 39 22 15 62 67 18 81 3 56 71 
98 78 18 25 13 25 63 77 4 60 52 74 54 61 91 85 53 54 17 49 48 70 31 8 39 26 68 7 81 38 82 15 97 12 2 92 23 39 71 4 29 76 17 63 5 29 11 21 49 26 91 0 54 3 41 91 41 6 75 26 20 53 57 6 9 99 45 38 10 23 6 15 45 29 22 
70 39 45 46 74 26 19 53 67 17 33 7 85 12 16 39 11 85 96 96 99 17 77 78 71 14 13 4 90 72 31 36 49 64 7 29 79 88 41 72 20 65 27 69 6 72 26 75 72 29 5 54 0 28 78 16 59 88 58 17 72 82 69 56 84 72 94 93 71 3 25 96 35 5 82 
71 22 76 92 1 60 48 89 90 44 1 41 92 46 66 3 84 16 48 96 81 73 37 36 16 45 46 61 91 22 54 95 51 45 99 24 64 13 57 76 9 64 71 74 94 66 54 99 85 29 40 3 28 0 78 20 24 63 90 81 90 18 14 40 51 25 38 39 75 75 80 80 17 45 25 
14 78 78 32 90 95 60 3 52 49 26 83 52 96 11 58 76 23 49 69 91 59 4 69 65 70 19 36 7 83 61 94 70 71 77 40 50 92 89 27 75 83 84 75 49 2 64 68 86 44 7 41 78 78 0 35 18 23 59 63 17 6 64 72 89 64 63 65 59 22 9 5 2 80 32 
66 48 4 79 19 16 3 1 75 25 48 14 2 8 24 8 14 76 91 65 69 72 85 34 43 67 65 14 57 90 43 5 92 95 82 76 82 35 62 97 52 68 60 77 7 72 60 55 94 28 90 91 16 20 35 0 96 5 9 99 52 31 55 68 35 95 24 12 89 64 25 95 2 54 66 
59 43 15 21 62 53 86 6 5 73 12 97 68 11 12 40 51 47 20 44 97 15 70 26 47 85 13 30 74 31 40 11 94 75 47 93 43 88 51 76 99 87 65 56 42 78 81 28 37 44 31 41 59 24 18 96 0 50 79 20 22 86 76 18 6 34 27 3 44 96 77 18 3 34 26 
69 79 94 81 21 59 81 32 67 56 92 52 73 29 69 65 86 70 64 38 53 35 76 47 14 90 51 18 80 70 35 24 43 8 74 9 52 21 97 41 22 82 39 54 22 10 44 84 5 28 13 6 88 63 23 5 50 0 41 87 89 75 99 52 24 18 59 57 89 86 14 47 58 54 74 
82 19 42 14 46 21 33 14 76 49 11 89 80 14 75 82 29 74 36 44 72 86 69 65 22 78 64 54 70 24 73 15 89 26 6 19 65 95 85 92 72 19 8 67 80 88 82 43 11 34 62 75 58 90 59 9 79 41 0 27 94 18 12 33 3 42 68 87 57 2 37 92 36 65 99 
80 37 52 70 41 6 49 95 99 65 76 74 81 57 12 59 73 22 20 82 86 47 96 47 31 72 43 19 25 31 68 64 37 99 87 1 4 32 98 51 40 11 32 87 14 90 23 14 32 10 72 26 17 81 63 99 20 87 27 0 72 59 58 58 59 43 45 35 77 94 97 8 48 93 99 
72 58 53 19 45 52 36 98 34 7 46 54 94 41 99 93 71 77 80 5 73 81 82 75 82 60 30 97 52 86 22 81 78 96 41 99 93 30 65 40 17 40 24 47 67 37 35 15 91 24 64 20 72 90 17 52 22 89 94 72 0 15 49 89 45 16 71 90 52 75 8 41 95 76 67 
20 14 11 33 57 3 75 27 57 86 92 70 58 76 1 12 43 62 85 33 24 59 19 35 53 33 94 87 73 33 42 38 99 15 56 10 24 99 65 46 30 2 3 37 80 71 51 7 72 72 64 53 82 18 6 31 86 75 18 59 15 0 50 31 37 58 38 40 23 97 98 46 13 91 16 
83 13 92 28 80 23 21 39 51 29 51 64 34 12 41 49 4 23 19 90 18 19 56 1 46 76 30 10 12 92 14 11 77 81 82 18 77 65 6 13 82 3 53 71 85 69 31 31 69 19 74 57 69 14 64 55 76 99 12 58 49 50 0 17 18 37 79 47 33 75 8 71 48 72 93 
93 7 3 61 71 24 1 33 22 62 75 19 4 46 6 15 63 9 19 27 43 54 92 40 50 54 20 74 46 18 51 30 16 73 74 61 37 72 68 97 82 11 92 25 62 65 67 63 94 62 60 6 56 40 72 68 18 52 33 58 89 31 17 0 16 91 51 58 85 35 10 61 44 64 60 
97 96 94 51 94 38 22 74 38 48 50 53 42 29 9 58 76 48 62 92 9 3 37 89 78 95 50 13 71 44 66 26 29 34 7 2 36 22 2 86 90 69 36 76 99 99 53 63 48 3 62 9 84 51 89 35 6 24 3 59 45 37 18 16 0 8 68 37 24 67 34 67 96 23 74 
27 32 93 22 29 78 69 1 31 70 48 44 97 97 7 63 60 57 91 28 87 44 56 4 72 54 9 79 1 79 79 28 5 78 34 9 38 60 48 30 10 96 90 51 25 46 94 6 89 19 39 99 72 25 64 95 34 18 42 43 16 58 37 91 8 0 9 44 55 35 15 56 13 96 54 
70 78 71 68 24 86 64 45 99 45 68 37 78 88 10 46 74 64 38 25 23 93 12 8 44 25 84 97 81 48 55 92 99 8 4 8 55 89 64 65 76 83 86 63 26 2 27 87 70 58 22 45 94 38 63 24 27 59 68 45 71 38 79 51 68 9 0 31 84 94 83 29 88 72 51 
99 46 22 89 11 86 66 9 88 89 23 14 63 58 86 70 28 71 92 1 50 47 31 6 82 31 23 65 77 86 75 27 27 24 78 68 10 59 81 68 84 64 90 66 29 3 29 64 38 76 15 38 93 39 65 12 3 57 87 35 90 40 47 58 37 44 31 0 34 99 1 96 19 83 73 
30 35 54 5 11 93 86 47 90 62 2 74 47 74 84 75 56 96 62 95 96 95 40 23 55 37 65 96 78 42 32 39 27 30 4 26 77 68 7 89 97 79 89 94 22 86 68 51 66 78 62 10 71 75 59 89 44 89 57 77 52 23 33 85 24 55 84 34 0 68 23 94 24 14 24 
68 82 7 10 10 93 92 85 15 8 67 52 75 48 63 30 21 5 53 5 98 19 25 38 60 9 82 74 33 95 63 52 43 55 19 65 47 79 35 82 40 39 82 66 40 18 38 80 39 53 67 23 3 75 22 64 96 86 2 94 75 97 75 35 67 35 94 99 68 0 55 40 99 22 66 
74 89 11 8 95 95 37 57 1 25 7 1 12 35 94 81 28 17 48 13 71 59 29 17 79 73 4 34 37 21 18 46 54 74 90 6 1 67 1 17 10 88 28 94 34 43 60 15 58 20 18 6 25 80 9 25 77 14 37 97 8 98 8 10 34 15 83 1 23 55 0 25 85 41 89 
64 2 45 31 64 98 46 8 94 3 83 64 20 58 29 4 33 1 39 86 14 92 72 47 4 29 34 36 96 17 81 99 50 30 18 59 2 14 11 30 3 68 56 26 42 37 94 85 13 55 81 15 96 80 5 95 18 47 92 8 41 46 71 61 67 56 29 96 94 40 25 0 52 55 16 
84 67 21 89 5 89 28 32 59 89 26 85 88 80 56 59 83 5 73 27 64 25 14 78 98 53 20 75 44 45 7 73 69 44 74 57 48 16 25 77 41 94 49 46 53 78 4 57 35 85 3 45 35 17 2 2 3 58 36 48 95 13 48 44 96 13 88 19 24 99 85 52 0 41 61 
91 51 88 73 43 57 96 12 88 15 22 10 58 39 6 59 77 69 56 42 9 74 44 70 43 63 98 12 52 71 6 79 14 38 4 40 82 36 52 14 54 13 27 42 28 22 63 31 71 9 56 29 5 45 80 54 34 54 65 93 76 91 72 64 23 96 72 83 14 22 41 55 41 0 47 
19 23 99 96 14 8 45 60 58 85 96 42 46 93 7 4 99 90 16 91 77 49 95 43 95 66 49 85 98 36 16 24 35 45 73 24 22 95 27 81 39 67 8 23 12 44 54 71 20 69 71 22 82 25 32 66 26 74 99 99 67 16 93 60 74 54 51 73 24 66 89 16 61 47 0 
0 132 324 4 352 553 104 504 233 392 219 54 125 452 722 364 924 917 283 377 554 759 789 26 398 533 70 42 272 541 978 172 987 486 199 670 259 537 50 813 977 568 42 432 810 568 765 653 651 553 903 419 30 922 556 814 744 889 170 267 855 660 101 665 641 379 699 64 365 140 335 796 228 96 730 
132 0 492 94 379 563 353 596 870 418 117 836 93 608 827 523 728 297 477 713 793 237 54 401 920 471 69 966 665 658 343 236 134 396 257 503 578 416 327 931 630 878 939 291 488 111 370 66 831 596 318 407 502 912 151 240 222 883 418 730 511 201 377 1 39 144 968 532 861 58 528 914 662 39 833 
324 492 0 279 285 262 298 29 497 937 711 56 938 582 209 722 191 905 730 260 107 551 194 926 19 893 618 491 350 783 558 473 562 303 285 12 62 762 914 843 145 724 789 796 938 5 357 333 813 509 920 114 691 408 803 541 176 456 608 209 128 880 105 764 384 709 279 168 449 613 900 606 412 351 192 
4 94 279 0 826 235 601 98 409 690 957 173 814 352 712 793 814 154 699 892 953 856 767 880 899 397 775 973 35 801 318 253 54 682 59 393 915 632 550 331 308 280 436 240 848 712 252 640 97 462 213 372 841 688 484 918 491 738 81 962 213 403 319 722 677 697 42 458 777 403 888 20 251 208 403 
352 379 285 826 0 951 14 211 979 958 395 204 18 143 596 223 335 769 886 869 249 547 329 75 4 5 38 574 178 835 962 334 434 375 98 306 786 392 842 696 336 817 423 376 117 498 701 895 457 945 218 1 877 673 389 576 537 841 576 845 783 251 190 906 481 486 829 378 100 400 848 921 85 647 220 
553 563 262 235 951 0 302 249 459 233 393 310 492 414 451 837 35 625 157 796 383 240 944 125 541 1 407 733 280 337 30 360 103 584 616 146 363 401 735 692 749 566 603 680 241 291 155 195 293 954 327 736 797 968 29 79 993 266 470 117 737 854 962 897 462 452 398 239 167 911 805 684 622 87 809 
104 353 298 601 14 302 0 741 306 118 175 543 210 426 598 780 962 352 738 221 935 855 892 288 547 637 60 55 965 103 350 117 988 513 477 458 956 548 643 49 78 387 803 113 491 990 614 288 631 124 270 173 51 902 615 120 366 835 75 10 631 257 436 621 490 129 281 313 304 938 614 761 144 74 467 
504 596 29 98 211 249 741 0 238 943 800 944 844 177 477 609 870 83 858 474 733 719 50 712 504 338 459 981 781 243 523 831 218 746 906 304 211 443 511 944 152 845 142 398 668 13 685 181 790 929 685 302 720 222 610 494 79 582 134 187 858 660 621 83 246 810 157 195 136 602 458 571 423 12 135 
233 870 497 409 979 459 306 238 0 759 680 565 642 136 252 523 909 353 579 467 371 337 528 324 920 230 285 123 640 171 583 631 500 973 286 988 691 18 626 343 527 307 664 131 577 702 582 400 784 110 153 949 83 48 665 389 20 361 211 560 764 479 448 656 330 424 35 838 676 396 713 307 471 894 625 
392 418 937 690 958 233 118 943 759 0 457 277 473 313 564 435 778 241 783 398 726 164 773 616 855 781 226 476 768 218 488 913 885 207 92 606 971 278 330 558 288 625 43 877 144 194 63 6 27 682 914 942 215 257 731 250 962 234 54 644 59 563 345 494 663 775 640 497 762 601 68 859 971 954 948 
219 117 711 957 395 393 175 800 680 457 0 406 528 98 819 228 883 428 181 542 688 635 986 591 915 581 804 427 155 71 667 109 300 981 692 999 829 876 28 224 440 988 58 185 617 825 543 243 842 933 533 145 166 609 810 727 467 311 758 823 530 314 517 748 518 259 752 32 746 591 756 764 536 577 553 
54 836 56 173 204 310 543 944 565 277 406 0 757 729 286 828 657 952 23 990 784 565 737 56 437 969 866 261 930 619 197 304 705 459 263 487 96 507 411 632 849 16 633 644 871 371 390 89 727 359 663 504 77 762 470 31 816 424 813 163 988 774 445 519 883 828 945 310 450 667 314 502 19 769 676 
125 93 938 814 18 492 210 844 642 473 528 757 0 959 976 570 254 957 238 258 632 9 429 850 580 995 851 810 519 353 61 804 144 512 699 120 628 236 595 346 223 71 265 446 202 243 823 891 713 786 319 303 745 17 171 472 376 106 450 708 411 517 335 249 756 79 530 47 608 873 890 339 670 835 802 
452 608 582 352 143 414 426 177 136 313 98 729 959 0 882 328 416 755 906 899 6 218 727 964 366 127 920 649 400 153 213 928 190 424 365 241 312 308 647 140 26 0 883 474 655 596 169 163 5 391 981 621 821 382 780 201 184 871 934 658 90 987 453 610 535 159 520 57 917 198 201 338 648 375 690 
722 827 209 712 596 451 598 477 252 564 819 286 976 882 0 799 411 586 721 42 401 168 756 51 287 324 846 252 493 497 686 212 582 141 183 297 801 341 601 31 319 700 825 159 721 84 412 572 263 214 930 473 36 569 758 49 971 260 862 285 709 221 363 341 877 983 599 254 368 626 539 100 253 368 393 
364 523 722 793 223 837 780 609 523 435 228 828 570 328 799 0 672 159 941 472 224 348 746 391 630 260 205 144 653 293 959 655 341 920 169 524 139 692 837 653 766 222 113 954 119 353 33 79 557 102 767 531 933 107 239 174 2 41 736 459 696 673 556 653 686 337 622 49 562 282 72 117 386 373 70 
924 728 191 814 335 35 962 870 909 778 883 657 254 416 411 672 0 570 994 563 938 200 376 553 935 994 730 437 313 931 89 445 548 637 31 209 195 895 488 561 879 622 63 415 180 756 98 731 16 766 824 166 201 984 635 776 367 82 384 461 862 962 758 924 900 50 155 715 262 846 223 746 248 945 575 
917 297 905 154 769 625 352 83 353 241 428 952 957 755 586 159 570 0 886 831 705 0 792 923 404 413 17 899 239 703 591 827 345 930 881 918 160 956 196 653 417 852 340 387 379 997 863 424 429 365 361 147 401 572 74 903 47 744 963 568 440 606 398 490 286 636 706 304 461 166 189 481 84 530 583 
283 477 730 699 886 157 738 858 579 783 181 23 238 906 721 941 994 886 0 145 491 400 351 945 662 286 441 731 110 113 704 327 789 716 648 52 652 173 27 516 958 73 805 366 478 958 154 964 292 880 232 795 755 16 382 771 371 556 144 557 284 684 593 740 222 513 427 427 30 326 234 568 456 813 264 
377 713 260 892 869 796 221 474 467 398 542 990 258 899 42 472 563 831 145 0 965 708 103 483 611 726 726 456 524 419 601 380 891 742 698 580 824 843 960 305 588 478 942 55 927 966 624 940 519 503 240 160 113 595 853 411 476 572 673 79 746 747 503 143 68 822 502 50 146 357 531 540 765 694 701 
554 793 107 953 249 383 935 733 371 726 688 784 632 6 401 224 938 705 491 965 0 933 75 747 702 363 894 577 591 74 112 468 1 774 509 751 25 37 13 522 510 74 315 383 725 838 96 295 761 473 609 414 489 236 697 604 605 521 992 472 406 383 358 179 309 266 504 423 880 997 172 125 210 793 528 
759 237 551 856 547 240 855 719 337 164 635 565 9 218 168 348 200 0 400 708 933 0 918 360 981 863 20 19 745 682 713 376 33 303 711 959 691 433 299 681 686 242 292 886 596 856 55 474 539 530 824 502 337 562 683 737 737 987 247 870 751 941 866 515 935 790 717 913 612 212 33 422 461 109 37 
789 54 194 767 329 944 892 50 528 773 986 737 429 727 756 746 376 792 351 103 75 918 0 892 743 215 487 296 72 427 110 988 104 731 600 578 915 3 436 207 450 275 978 485 148 24 65 677 245 29 201 343 285 664 306 696 702 141 478 0 176 909 905 311 853 125 515 285 625 604 20 138 286 441 145 
26 401 926 880 75 125 288 712 324 616 591 56 850 964 51 391 553 923 945 483 747 360 892 0 132 707 308 534 526 452 737 748 987 228 317 0 6 593 524 235 711 609 266 870 306 124 455 912 777 182 420 828 491 647 794 271 616 525 599 607 594 313 287 695 331 874 467 697 162 955 759 432 169 830 650 
398 920 19 899 4 541 547 504 920 855 915 437 580 366 287 630 935 404 662 611 702 981 743 132 0 454 884 548 447 385 708 661 475 710 24 706 279 578 73 818 556 529 902 129 28 63 775 589 309 890 898 116 221 813 120 21 821 376 152 378 735 583 846 418 137 187 571 413 695 298 208 584 976 545 829 
533 471 893 397 5 1 637 338 230 781 581 969 995 127 324 260 994 413 286 726 363 863 215 707 454 0 316 109 450 159 240 502 457 490 845 785 566 265 559 786 761 126 33 545 66 285 195 203 805 549 541 511 890 513 54 4 36 811 84 928 148 667 349 902 21 347 640 811 820 102 743 206 438 70 556 
70 69 618 775 38 407 60 459 285 226 804 866 851 920 846 205 730 17 441 726 894 20 487 308 884 316 0 129 793 712 804 301 168 752 175 186 838 376 351 548 616 676 911 386 54 414 259 406 181 690 546 343 101 880 279 72 740 403 99 307 386 576 27 384 995 390 680 457 224 940 619 483 373 21 292 
42 966 491 973 574 733 55 981 123 476 427 261 810 649 252 144 437 899 731 456 577 19 296 534 548 109 129 0 711 735 203 60 436 386 526 450 388 575 569 64 893 642 271 163 661 584 613 75 471 263 658 485 429 3 610 70 104 612 928 49 355 882 895 130 566 462 19 384 656 343 606 296 286 246 288 
272 665 350 35 178 280 965 781 640 768 155 930 519 400 493 653 313 239 110 524 591 745 72 526 447 450 793 711 0 10 928 598 576 347 102 789 225 277 222 296 575 35 484 122 574 806 294 72 901 139 61 270 726 157 718 113 969 337 952 470 736 845 489 767 343 74 35 815 920 133 276 381 548 26 323 
541 658 783 801 835 337 103 243 171 218 71 619 353 153 497 293 931 703 113 419 74 682 427 452 385 159 712 735 10 0 923 272 320 346 711 461 548 273 78 501 423 914 587 615 23 541 383 650 205 57 673 963 351 172 300 688 312 292 77 875 367 979 61 133 606 567 112 188 371 930 366 891 250 622 244 
978 343 558 318 962 30 350 523 583 488 667 197 61 213 686 959 89 591 704 601 112 713 110 737 708 240 804 203 928 923 0 564 766 318 423 579 734 120 931 903 816 714 261 945 805 237 284 443 931 964 217 678 791 541 953 580 506 840 860 123 308 28 629 450 354 86 652 638 21 858 631 928 334 687 369 
172 236 473 253 334 360 117 831 631 913 109 304 804 928 212 655 445 827 327 380 468 376 988 748 661 502 301 60 598 272 564 0 738 667 799 678 443 105 456 483 344 750 219 85 586 614 961 626 88 545 751 299 23 159 476 92 824 737 886 634 449 481 210 434 134 596 13 820 870 869 257 238 933 604 221 
987 134 562 54 434 103 988 218 500 885 300 705 144 190 582 341 548 345 789 891 1 33 104 987 475 457 168 436 576 320 766 738 0 348 71 238 63 822 702 270 121 873 379 881 549 71 453 843 507 958 654 933 631 593 200 532 233 700 218 541 218 81 693 818 492 590 191 891 168 876 675 860 211 963 239 
486 396 303 682 375 584 513 746 973 207 981 459 512 424 141 920 637 930 716 742 774 303 731 228 710 490 752 386 347 346 318 667 348 0 649 202 84 676 934 400 118 494 940 290 449 730 391 912 40 0 706 270 377 958 777 497 840 642 738 22 808 502 862 510 377 939 839 245 487 593 684 556 16 437 135 
199 257 285 59 98 616 477 906 286 92 692 263 699 365 183 169 31 881 648 698 509 711 600 317 24 845 175 526 102 711 423 799 71 649 0 215 373 240 399 55 222 402 254 397 345 740 777 567 512 348 776 323 316 914 899 453 639 942 239 656 909 95 929 129 863 264 68 535 51 355 415 353 707 156 204 
670 503 12 393 306 146 458 304 988 606 999 487 120 241 297 524 209 918 52 580 751 959 578 0 706 785 186 450 789 461 579 678 238 202 215 0 232 421 495 423 730 562 973 372 346 687 614 777 725 804 992 330 496 783 104 785 624 951 197 420 296 137 679 765 232 281 51 979 537 57 110 678 255 111 672 
259 578 62 915 786 363 956 211 691 971 829 96 628 312 801 139 195 160 652 824 25 691 915 6 279 566 838 388 225 548 734 443 63 84 373 232 0 488 181 305 68 462 386 446 265 982 480 221 813 761 626 492 964 327 280 934 496 390 225 988 302 569 560 124 171 672 354 862 89 884 185 194 549 505 274 
537 416 762 632 392 401 548 443 18 278 876 507 236 308 341 692 895 956 173 843 37 433 3 593 578 265 376 575 277 273 120 105 822 676 240 421 488 0 497 363 837 199 393 799 350 218 980 263 547 905 651 512 118 928 82 346 622 392 858 340 721 116 665 853 121 16 195 994 433 550 83 362 183 729 225 
50 327 914 550 842 735 643 511 626 330 28 411 595 647 601 837 488 196 27 960 13 299 436 524 73 559 351 569 222 78 931 456 702 934 399 495 181 497 0 733 5 876 751 243 863 997 955 291 701 293 353 397 893 426 483 946 218 626 413 307 275 133 940 228 464 3 632 399 183 55 877 830 520 557 784 
813 931 843 331 696 692 49 944 343 558 224 632 346 140 31 653 561 653 516 305 522 681 207 235 818 786 548 64 296 501 903 483 270 400 55 423 305 363 733 0 39 41 167 945 632 972 41 447 417 460 300 701 713 332 592 903 833 579 896 230 338 16 39 225 99 788 256 157 885 108 961 716 762 823 306 
977 630 145 308 336 749 78 152 527 288 440 849 223 26 319 766 879 417 958 588 510 686 450 711 556 761 616 893 575 423 816 344 121 118 222 730 68 837 5 39 0 111 564 420 777 320 194 228 203 699 882 392 627 744 977 18 883 985 763 339 873 481 139 977 719 917 696 347 821 615 798 68 707 1 805 
568 878 724 280 817 566 387 845 307 625 988 16 71 0 700 222 622 852 73 478 74 242 275 609 529 126 676 642 35 914 714 750 873 494 402 562 462 199 876 41 111 0 815 943 519 323 61 443 118 84 80 922 276 626 117 626 200 580 608 502 56 783 204 115 33 611 135 321 947 357 598 167 121 709 161 
42 939 789 436 423 603 803 142 664 43 58 633 265 883 825 113 63 340 805 942 315 292 978 266 902 33 911 271 484 587 261 219 379 940 254 973 386 393 751 167 564 815 0 683 627 218 387 814 527 10 889 645 974 338 488 392 887 864 185 777 336 942 851 676 102 143 328 980 920 62 180 82 963 596 854 
432 291 796 240 376 680 113 398 131 877 185 644 446 474 159 954 415 387 366 55 383 886 485 870 129 545 386 163 122 615 945 85 881 290 397 372 446 799 243 945 420 943 683 0 266 593 239 103 856 541 915 602 367 494 905 928 12 243 393 233 735 606 123 962 168 815 729 596 860 192 612 23 412 160 175 
810 488 938 848 117 241 491 668 577 144 617 871 202 655 721 119 180 379 478 927 725 596 148 306 28 66 54 661 574 23 805 586 549 449 345 346 265 350 863 632 777 519 627 266 0 399 420 524 438 142 799 103 940 524 734 554 955 64 145 467 578 637 368 591 462 472 637 347 983 485 770 850 513 657 364 
568 111 5 712 498 291 990 13 702 194 825 371 243 596 84 353 756 997 958 966 838 856 24 124 63 285 414 584 806 541 237 614 71 730 740 687 982 218 997 972 320 323 218 593 399 0 176 618 730 762 360 367 52 974 422 753 735 629 976 651 11 485 263 59 959 769 914 887 451 358 891 134 929 820 943 
765 370 357 252 701 155 614 685 582 63 543 390 823 169 412 33 98 863 154 624 96 55 65 455 775 195 259 613 294 383 284 961 453 391 777 614 480 980 955 41 194 61 387 239 420 176 0 173 245 339 583 233 226 570 669 473 729 195 255 711 831 482 197 252 26 927 694 166 840 669 978 634 789 222 853 
653 66 333 640 895 195 288 181 400 6 243 89 891 163 572 79 731 424 964 940 295 474 677 912 589 203 406 75 72 650 443 626 843 912 567 777 221 263 291 447 228 443 814 103 524 618 173 0 609 390 475 618 520 691 681 26 704 904 551 127 43 829 320 663 170 163 110 190 966 257 785 546 303 613 660 
651 831 813 97 457 293 631 790 784 27 842 727 713 5 263 557 16 429 292 519 761 539 245 777 309 805 181 471 901 205 931 88 507 40 512 725 813 547 701 417 203 118 527 856 438 730 245 609 0 269 989 27 931 810 656 166 72 681 28 901 120 524 974 439 781 786 970 596 703 5 688 158 795 212 637 
553 596 509 462 945 954 124 929 110 682 933 359 786 391 214 102 766 365 880 503 473 530 29 182 890 549 690 263 139 57 964 545 958 0 348 804 761 905 293 460 699 84 10 541 142 762 339 390 269 0 291 605 257 650 534 153 637 728 360 762 243 397 243 313 899 849 883 992 832 945 592 688 518 709 734 
903 318 920 213 218 327 270 685 153 914 533 663 319 981 930 767 824 361 232 240 609 824 201 420 898 541 546 658 61 673 217 751 654 706 776 992 626 651 353 300 882 80 889 915 799 360 583 475 989 291 0 93 722 258 85 512 998 371 480 485 909 341 349 16 704 358 696 758 586 256 936 604 960 712 489 
419 407 114 372 1 736 173 302 949 942 145 504 303 621 473 531 166 147 795 160 414 502 343 828 116 511 343 485 270 963 678 299 933 270 323 330 492 512 397 701 392 922 645 602 103 367 233 618 27 605 93 0 618 510 64 652 731 262 551 196 829 736 644 378 494 605 807 903 224 595 44 15 790 622 432 
30 502 691 841 877 797 51 720 83 215 166 77 745 821 36 933 201 401 755 113 489 337 285 491 221 890 101 429 726 351 791 23 631 377 316 496 964 118 893 713 627 276 974 367 940 52 226 520 931 257 722 618 0 143 231 660 413 971 719 951 453 549 217 897 496 196 473 741 916 314 981 412 193 645 191 
922 912 408 688 673 968 902 222 48 257 609 762 17 382 569 107 984 572 16 595 236 562 664 647 813 513 880 3 157 172 541 159 593 958 914 783 327 928 426 332 744 626 338 494 524 974 570 691 810 650 258 510 143 0 492 943 316 491 129 212 299 78 146 611 614 303 711 646 201 504 783 323 552 541 153 
556 151 803 484 389 29 615 610 665 731 810 470 171 780 758 239 635 74 382 853 697 683 306 794 120 54 279 610 718 300 953 476 200 777 899 104 280 82 483 592 977 117 488 905 734 422 669 681 656 534 85 64 231 492 0 17 744 318 51 86 602 405 943 704 808 116 92 874 524 167 719 346 200 91 965 
814 240 541 918 576 79 120 494 389 250 727 31 472 201 49 174 776 903 771 411 604 737 696 271 21 4 72 70 113 688 580 92 532 497 453 785 934 346 946 903 18 626 392 928 554 753 473 26 166 153 512 652 660 943 17 0 245 113 125 87 988 365 568 230 833 909 600 970 103 424 123 364 524 300 804 
744 222 176 491 537 993 366 79 20 962 467 816 376 184 971 2 367 47 371 476 605 737 702 616 821 36 740 104 969 312 506 824 233 840 639 624 496 622 218 833 883 200 887 12 955 735 729 704 72 637 998 731 413 316 744 245 0 559 297 255 599 474 588 481 816 401 286 109 369 0 55 378 141 624 101 
889 883 456 738 841 266 835 582 361 234 311 424 106 871 260 41 82 744 556 572 521 987 141 525 376 811 403 612 337 292 840 737 700 642 942 951 390 392 626 579 985 580 864 243 64 629 195 904 681 728 371 262 971 491 318 113 559 0 918 532 849 269 868 394 5 420 254 510 371 74 140 250 760 323 31 
170 418 608 81 576 470 75 134 211 54 758 813 450 934 862 736 384 963 144 673 992 247 478 599 152 84 99 928 952 77 860 886 218 738 239 197 225 858 413 896 763 608 185 393 145 976 255 551 28 360 480 551 719 129 51 125 297 918 0 212 295 129 824 548 194 57 131 909 412 107 114 62 469 321 674 
267 730 209 962 845 117 10 187 560 644 823 163 708 658 285 459 461 568 557 79 472 870 0 607 378 928 307 49 470 875 123 634 541 22 656 420 988 340 307 230 339 502 777 233 467 651 711 127 901 762 485 196 951 212 86 87 255 532 212 0 186 653 629 513 182 339 231 647 451 801 127 759 577 810 365 
855 511 128 213 783 737 631 858 764 59 530 988 411 90 709 696 862 440 284 746 406 751 176 594 735 148 386 355 736 367 308 449 218 808 909 296 302 721 275 338 873 56 336 735 578 11 831 43 120 243 909 829 453 299 602 988 599 849 295 186 0 193 968 726 484 111 941 136 970 637 472 479 89 198 603 
660 201 880 403 251 854 257 660 479 563 314 774 517 987 221 673 962 606 684 747 383 941 909 313 583 667 576 882 845 979 28 481 81 502 95 137 569 116 133 16 481 783 942 606 637 485 482 829 524 397 341 736 549 78 405 365 474 269 129 653 193 0 166 583 958 592 715 360 817 972 659 866 25 748 864 
101 377 105 319 190 962 436 621 448 345 517 445 335 453 363 556 758 398 593 503 358 866 905 287 846 349 27 895 489 61 629 210 693 862 929 679 560 665 940 39 139 204 851 123 368 263 197 320 974 243 349 644 217 146 943 568 588 868 824 629 968 166 0 655 895 286 184 713 853 407 592 469 533 463 864 
665 1 764 722 906 897 621 83 656 494 748 519 249 610 341 653 924 490 740 143 179 515 311 695 418 902 384 130 767 133 450 434 818 510 129 765 124 853 228 225 977 115 676 962 591 59 252 663 439 313 16 378 897 611 704 230 481 394 548 513 726 583 655 0 375 146 563 523 126 954 987 803 574 291 95 
641 39 384 677 481 462 490 246 330 663 518 883 756 535 877 686 900 286 222 68 309 935 853 331 137 21 995 566 343 606 354 134 492 377 863 232 171 121 464 99 719 33 102 168 462 959 26 170 781 899 704 494 496 614 808 833 816 5 194 182 484 958 895 375 0 652 888 460 390 27 778 941 171 151 13 
379 144 709 697 486 452 129 810 424 775 259 828 79 159 983 337 50 636 513 822 266 790 125 874 187 347 390 462 74 567 86 596 590 939 264 281 672 16 3 788 917 611 143 815 472 769 927 163 786 849 358 605 196 303 116 909 401 420 57 339 111 592 286 146 652 0 154 749 115 599 908 832 171 357 319 
699 968 279 42 829 398 281 157 35 640 752 945 530 520 599 622 155 706 427 502 504 717 515 467 571 640 680 19 35 112 652 13 191 839 68 51 354 195 632 256 696 135 328 729 637 914 694 110 970 883 696 807 473 711 92 600 286 254 131 231 941 715 184 563 888 154 0 134 825 89 928 806 579 499 2 
64 532 168 458 378 239 313 195 838 497 32 310 47 57 254 49 715 304 427 50 423 913 285 697 413 811 457 384 815 188 638 820 891 245 535 979 862 994 399 157 347 321 980 596 347 887 166 190 596 992 758 903 741 646 874 970 109 510 909 647 136 360 713 523 460 749 134 0 836 296 441 643 541 64 521 
365 861 449 777 100 167 304 136 676 762 746 450 608 917 368 562 262 461 30 146 880 612 625 162 695 820 224 656 920 371 21 870 168 487 51 537 89 433 183 885 821 947 920 860 983 451 840 966 703 832 586 224 916 201 524 103 369 371 412 451 970 817 853 126 390 115 825 836 0 458 185 824 482 919 172 
140 58 613 403 400 911 938 602 396 601 591 667 873 198 626 282 846 166 326 357 997 212 604 955 298 102 940 343 133 930 858 869 876 593 355 57 884 550 55 108 615 357 62 192 485 358 669 257 5 945 256 595 314 504 167 424 0 74 107 801 637 972 407 954 27 599 89 296 458 0 89 949 348 727 552 
335 528 900 888 848 805 614 458 713 68 756 314 890 201 539 72 223 189 234 531 172 33 20 759 208 743 619 606 276 366 631 257 675 684 415 110 185 83 877 961 798 598 180 612 770 891 978 785 688 592 936 44 981 783 719 123 55 140 114 127 472 659 592 987 778 908 928 441 185 89 0 442 101 230 76 
796 914 606 20 921 684 761 571 307 859 764 502 339 338 100 117 746 481 568 540 125 422 138 432 584 206 483 296 381 891 928 238 860 556 353 678 194 362 830 716 68 167 82 23 850 134 634 546 158 688 604 15 412 323 346 364 378 250 62 759 479 866 469 803 941 832 806 643 824 949 442 0 516 321 789 
228 662 412 251 85 622 144 423 471 971 536 19 670 648 253 386 248 84 456 765 210 461 286 169 976 438 373 286 548 250 334 933 211 16 707 255 549 183 520 762 707 121 963 412 513 929 789 303 795 518 960 790 193 552 200 524 141 760 469 577 89 25 533 574 171 171 579 541 482 348 101 516 0 571 594 
96 39 351 208 647 87 74 12 894 954 577 769 835 375 368 373 945 530 813 694 793 109 441 830 545 70 21 246 26 622 687 604 963 437 156 111 505 729 557 823 1 709 596 160 657 820 222 613 212 709 712 622 645 541 91 300 624 323 321 810 198 748 463 291 151 357 499 64 919 727 230 321 571 0 841 
730 833 192 403 220 809 467 135 625 948 553 676 802 690 393 70 575 583 264 701 528 37 145 650 829 556 292 288 323 244 369 221 239 135 204 672 274 225 784 306 805 161 854 175 364 943 853 660 637 734 489 432 191 153 965 804 101 31 674 365 603 864 864 95 13 319 2 521 172 552 76 789 594 841 0 
35 7 342
61 58 106
19 65 51
25 47 386
63 56 74
30 67 16
50 60 44
2 49 426
28 15 127
48 18 395
41 50 407
75 69 45
22 55 165
12 42 42
16 12 43
43 57 163
49 58 325
47 73 100
19 51 194
23 51 122
43 40 133
28 8 342
27 23 461
10 68 471
39 9 306
51 71 155
62 66 54
59 57 12
22 61 37
26 9 0
24 72 420
35 17 167
71 11 420
5 61 221
35 50 258
75 68 134
34 51 292
25 43 409
67 43 360
69 9 47
42 31 64
32 62 312
55 6 477
59 58 385
7 49 288
71 15 255
35 51 221
24 35 331
48 12 303
28 12 49
5 47 180
58 9 271
56 55 492
11 44 121
10 47 195
35 74 485
71 49 228
59 9 276
10 67 456
28 30 262
72 32 254
73 52 30
53 18 241
74 58 497
9 37 318
19 54 440
66 21 336
15 69 217
29 48 361
18 64 176
10 11 193
36 31 161
22 24 238
28 9 269
3 45 386
6 75 336
72 62 355
71 1 225
33 61 252
7 45 333
23 36 23
15 16 337
69 71 396
74 49 68
71 17 88
2 42 213
34 40 144
66 30 387
14 27 21
11 14 105
7 36 188
43 38 184
55 13 461
27 19 120
5 54 450
50 18 474
54 43 212
39 16 8
13 3 385
49 27 91
75 55 299
48 4 143
40 18 62
30 11 418
21 15 223
24 68 137
35 51 432
66 24 107
1 61 70
68 28 426
74 15 58
31 63 4
19 18 125
3 64 404
3 51 236
67 38 222
56 70 374
44 64 162
57 3 128
13 47 366
35 46 207
22 49 200
9 17 232
45 9 26
45 55 214
49 36 200
25 74 456
57 1 259
23 30 424
49 22 388
10 20 492
9 39 444
10 39 49
16 72 74
26 53 167
4 8 257
36 19 329
21 1 97
48 68 453
35 31 359
18 25 380
56 59 367
31 43 211
55 33 186
63 50 439
17 68 165
55 25 6
28 45 138
3 43 423
40 64 34
30 58 474
71 32 125
61 54 401
21 58 212
64 43 200
4 3 456
36 75 48
52 71 496
8 58 283
28 9 140
34 32 336
31 74 286
2 33 391
28 27 1
74 9 371
5 4 189
16 53 457
71 27 412
74 57 433
56 34 409
40 9 423
24 27 319
24 64 181
21 10 27
45 19 464
54 56 342
51 25 115
9 15 97
17 51 464
54 55 107
33 31 6
73 47 296
45 11 346
9 22 278
21 59 391
38 12 27
64 60 147
72 51 379
74 65 36
72 2 358
18 61 92
43 58 286
50 41 26
11 40 499
